00111100000000000000000001101111
00000100000110110000000000000001
00101100000110110000000000000000
00101111101111110000000000000001
00000111110111100000000000000001
00000111110111100000000000000001
00000111110111100000000000000001
00000111110111100000000000000001
00000111110111100000000000000001
00000111110111100000000000000001
00000111110111100000000000000001
00101011101000010000000000000011
00101111101000010000000000000111
00101011101000010000000000000010
00101011101000100000000000000011
00000000001000100001100000000001
00101000011000010000000000000000
00101111101000010000000000000110
00101011101000010000000000000011
00000100001000100000000000000001
00101111101000100000000000000101
00101011101000010000000000000101
00101011101000100000000000000100
00000000001000100001100000001000
00011100011000000000000000010010
00101011101000010000000000000010
00101011101000100000000000000101
00000000001000100001100000000001
00101000011000010000000000000000
00101011101000100000000000000110
00000000001000100001100000001000
00011100011000000000000000000111
00101011101000010000000000000010
00101011101000100000000000000101
00000000001000100001100000000001
00101000011000010000000000000000
00101111101000010000000000000110
00101011101000010000000000000101
00101111101000010000000000000111
00101011101000010000000000000101
00000100001000100000000000000001
00101111101000100000000000000101
00111100000000000000000000010101
00101011101000010000000000000111
00000100001111000000000000000000
00101011101111110000000000000001
00000011111000000000000000001100
00101111101111110000000000000001
00000111110111100000000000000001
00000111110111100000000000000001
00000111110111100000000000000001
00000111110111100000000000000001
00000111110111100000000000000001
00000111110111100000000000000001
00101011101000010000000000000011
00101111101000010000000000000101
00101011101000010000000000000101
00101011101000100000000000000100
00000100010000111111111111111111
00000000001000110001000000001000
00011100010000000000000000110000
00000111110111100000000000000001
00101011101000010000000000000010
00101011101000100000000000000101
00101011101000110000000000000100
00101111110000010000000000000000
00000111110111100000000000000001
00101111110000100000000000000000
00000111110111100000000000000001
00101111110000110000000000000000
00000111110111100000000000000001
00101111110111010000000000000000
00000111110111010000000000000000
00000111110111100000000000000001
00101111101000110000000000000100
00101111101000100000000000000011
00101111101000010000000000000010
01000000000000000000000000000011
00000111101111100000000000000000
00101011101111010000000000000000
00000111110111101111111111111111
00101011110000110000000000000000
00000111110111101111111111111111
00101011110000100000000000000000
00000111110111101111111111111111
00101011110000010000000000000000
00101111101111000000000000000110
00101011101000010000000000000010
00101011101001000000000000000110
00000000001001000010100000000001
00101000101000010000000000000000
00101111101000010000000000000111
00101011101000010000000000000010
00101011101001000000000000000101
00000000001001000010100000000001
00101000101000010000000000000000
00101011101001000000000000000010
00101011101001010000000000000110
00000000100001010011000000000001
00101100110000010000000000000000
00101011101000010000000000000111
00101011101001000000000000000010
00101011101001010000000000000101
00000000100001010011000000000001
00101100110000010000000000000000
00101011101000010000000000000101
00000100001001000000000000000001
00101111101001000000000000000101
00111100000000000000000000111000
00101011101111110000000000000001
00000011111000000000000000001100
00000111110111100000000000000001
00000100000110110000000000000000
00101111101110110000000000000000
00101011101000010000000000000000
00110100001000100000000000001010
00011100010000000000000000001001
01001111100000000000000000010111
00101000000000010000000000000000
00101011101000100000000000000000
00000000001000100001100000000001
00101100011111000000000000000000
00101011101000010000000000000000
00000100001000100000000000000001
00101111101000100000000000000000
00111100000000000000000001110010
00101000000000010000000000000000
00101111110000010000000000000000
00000111110111100000000000000001
00101111110111010000000000000000
00000111110111010000000000000000
00000111110111100000000000000001
00000100000110110000000000001010
00101111101110110000000000000100
00000100000110110000000000000000
00101111101110110000000000000011
00101111101000010000000000000010
01000000000000000000000000101111
00000111101111100000000000000000
00101011101111010000000000000000
00000111110111101111111111111111
00101011110000010000000000000000
00000100000110110000000000000000
00101111101110110000000000000000
00101011101000100000000000000000
00110100010000110000000000001010
00011100011000000000000000001001
00101000000000100000000000000000
00101011101000110000000000000000
00000000010000110010000000000001
00101000100000100000000000000000
01010000010000000000000000000000
00101011101000110000000000000000
00000100011001000000000000000001
00101111101001000000000000000000
00111100000000000000000010010000
